========================================
  Benchmark istogramma OpenMP
  Thu Jun  4 00:05:56 CEST 2026
========================================

--- v1: main.c  [bin][tid] ---
=== main.c: layout [bin][tid] ===
len           threads  T.tot         T.par         T.red         speedup     efficiency
10000000      1        0.006239      0.006239      0.000000      1.000x      1.0000
10000000      2        0.030477      0.030477      0.000000      0.205x      0.1024
10000000      4        0.079219      0.079218      0.000001      0.079x      0.0197
10000000      8        0.085237      0.085237      0.000000      0.073x      0.0091
10000000      16       0.064723      0.064723      0.000000      0.096x      0.0060
10000000      32       0.025750      0.025749      0.000000      0.242x      0.0076
10000000      64       0.022315      0.022315      0.000000      0.280x      0.0044
10000000      128      0.033343      0.033343      0.000000      0.187x      0.0015
10000000      256      0.038734      0.038734      0.000000      0.161x      0.0006
10000000      512      0.069872      0.069871      0.000000      0.089x      0.0002
10000000      1024     0.090169      0.090169      0.000000      0.069x      0.0001
10000000      2048     0.184782      0.184782      0.000000      0.034x      0.0000
10000000      4096     0.262823      0.262822      0.000000      0.024x      0.0000

50000000      1        0.033594      0.033593      0.000000      1.000x      1.0000
50000000      2        0.192654      0.192653      0.000001      0.174x      0.0872
50000000      4        0.317791      0.317790      0.000000      0.106x      0.0264
50000000      8        0.508282      0.508281      0.000000      0.066x      0.0083
50000000      16       0.501573      0.501572      0.000000      0.067x      0.0042
50000000      32       0.218712      0.218711      0.000000      0.154x      0.0048
50000000      64       0.071502      0.071502      0.000000      0.470x      0.0073
50000000      128      0.038501      0.038501      0.000000      0.873x      0.0068
50000000      256      0.063947      0.063947      0.000000      0.525x      0.0021
50000000      512      0.038338      0.038337      0.000000      0.876x      0.0017
50000000      1024     0.073040      0.073039      0.000000      0.460x      0.0004
50000000      2048     0.061666      0.061665      0.000000      0.545x      0.0003
50000000      4096     0.077602      0.077602      0.000000      0.433x      0.0001

100000000     1        0.125787      0.125787      0.000000      1.000x      1.0000
100000000     2        0.216579      0.216578      0.000000      0.581x      0.2904
100000000     4        0.341592      0.341591      0.000000      0.368x      0.0921
100000000     8        0.686575      0.686575      0.000000      0.183x      0.0229
100000000     16       0.925829      0.925829      0.000000      0.136x      0.0085
100000000     32       0.244250      0.244250      0.000000      0.515x      0.0161
100000000     64       0.162752      0.162752      0.000000      0.773x      0.0121
100000000     128      0.069691      0.069691      0.000001      1.805x      0.0141
100000000     256      0.091045      0.091044      0.000000      1.382x      0.0054
100000000     512      0.056588      0.056588      0.000000      2.223x      0.0043
100000000     1024     0.067187      0.067187      0.000000      1.872x      0.0018
100000000     2048     0.053010      0.053009      0.000000      2.373x      0.0012
100000000     4096     0.086505      0.086505      0.000000      1.454x      0.0004

500000000     1        0.231273      0.231272      0.000000      1.000x      1.0000
500000000     2        1.396642      1.396642      0.000000      0.166x      0.0828
500000000     4        3.188067      3.188067      0.000000      0.073x      0.0181
500000000     8        3.929962      3.929961      0.000000      0.059x      0.0074
500000000     16       3.519104      3.519104      0.000000      0.066x      0.0041
500000000     32       1.376874      1.376874      0.000000      0.168x      0.0052
500000000     64       0.587844      0.587844      0.000000      0.393x      0.0061
500000000     128      0.260073      0.260072      0.000000      0.889x      0.0069
500000000     256      0.181821      0.181821      0.000000      1.272x      0.0050
500000000     512      0.157847      0.157847      0.000000      1.465x      0.0029
500000000     1024     0.197741      0.197740      0.000000      1.170x      0.0011
500000000     2048     0.171034      0.171034      0.000000      1.352x      0.0007
500000000     4096     0.272971      0.272971      0.000000      0.847x      0.0002


--- v2: main2.c [tid][bin] ---
=== main2.c: layout [tid][bin] (no false sharing) ===
len           threads  T.tot         T.par         T.red         speedup     efficiency
10000000      1        0.004501      0.004501      0.000000      1.000x      1.0000
10000000      2        0.008509      0.008509      0.000000      0.529x      0.2645
10000000      4        0.019847      0.019847      0.000000      0.227x      0.0567
10000000      8        0.007786      0.007786      0.000000      0.578x      0.0723
10000000      16       0.007665      0.007665      0.000000      0.587x      0.0367
10000000      32       0.004381      0.004381      0.000000      1.027x      0.0321
10000000      64       0.003171      0.003170      0.000000      1.420x      0.0222
10000000      128      0.002794      0.002793      0.000000      1.611x      0.0126
10000000      256      0.004412      0.004412      0.000000      1.020x      0.0040
10000000      512      0.005761      0.005761      0.000000      0.781x      0.0015
10000000      1024     0.012420      0.012419      0.000001      0.362x      0.0004
10000000      2048     0.026747      0.026747      0.000000      0.168x      0.0001
10000000      4096     0.046372      0.046372      0.000000      0.097x      0.0000

50000000      1        0.021018      0.021018      0.000000      1.000x      1.0000
50000000      2        0.055635      0.055635      0.000000      0.378x      0.1889
50000000      4        0.177291      0.177290      0.000001      0.119x      0.0296
50000000      8        0.051247      0.051247      0.000000      0.410x      0.0513
50000000      16       0.026624      0.026624      0.000000      0.789x      0.0493
50000000      32       0.017346      0.017346      0.000000      1.212x      0.0379
50000000      64       0.012709      0.012709      0.000000      1.654x      0.0258
50000000      128      0.013109      0.013109      0.000000      1.603x      0.0125
50000000      256      0.010389      0.010389      0.000000      2.023x      0.0079
50000000      512      0.009864      0.009864      0.000000      2.131x      0.0042
50000000      1024     0.013757      0.013756      0.000000      1.528x      0.0015
50000000      2048     0.021625      0.021625      0.000000      0.972x      0.0005
50000000      4096     0.059458      0.059457      0.000000      0.353x      0.0001

100000000     1        0.043983      0.043982      0.000000      1.000x      1.0000
100000000     2        0.093323      0.093322      0.000000      0.471x      0.2356
100000000     4        0.141485      0.141485      0.000000      0.311x      0.0777
100000000     8        0.086022      0.086021      0.000000      0.511x      0.0639
100000000     16       0.035119      0.035119      0.000001      1.252x      0.0783
100000000     32       0.030745      0.030744      0.000000      1.431x      0.0447
100000000     64       0.023603      0.023603      0.000000      1.863x      0.0291
100000000     128      0.025918      0.025918      0.000000      1.697x      0.0133
100000000     256      0.025236      0.025235      0.000000      1.743x      0.0068
100000000     512      0.034528      0.034527      0.000000      1.274x      0.0025
100000000     1024     0.032756      0.032755      0.000000      1.343x      0.0013
100000000     2048     0.061047      0.061046      0.000000      0.720x      0.0004
100000000     4096     0.087777      0.087777      0.000000      0.501x      0.0001

500000000     1        0.268895      0.268895      0.000000      1.000x      1.0000
500000000     2        0.423463      0.423463      0.000000      0.635x      0.3175
500000000     4        0.775853      0.775853      0.000000      0.347x      0.0866
500000000     8        0.422346      0.422346      0.000000      0.637x      0.0796
500000000     16       0.211646      0.211646      0.000000      1.270x      0.0794
500000000     32       0.123764      0.123764      0.000000      2.173x      0.0679
500000000     64       0.084841      0.084840      0.000000      3.169x      0.0495
500000000     128      0.082779      0.082779      0.000000      3.248x      0.0254
500000000     256      0.080080      0.080079      0.000000      3.358x      0.0131
500000000     512      0.072254      0.072254      0.000000      3.722x      0.0073
500000000     1024     0.069793      0.069793      0.000000      3.853x      0.0038
500000000     2048     0.085700      0.085700      0.000000      3.138x      0.0015
500000000     4096     0.106536      0.106535      0.000000      2.524x      0.0006


--- v3: main3.c [tid][PADDED_BINS] ---
=== main3.c: layout [tid][PADDED_BINS=16] (cache line padding) ===
len           threads  T.tot         T.par         T.red         speedup     efficiency
10000000      1        0.004432      0.004432      0.000000      1.000x      1.0000
10000000      2        0.003223      0.003222      0.000000      1.375x      0.6876
10000000      4        0.002271      0.002271      0.000000      1.952x      0.4879
10000000      8        0.007148      0.007148      0.000000      0.620x      0.0775
10000000      16       0.005546      0.005546      0.000000      0.799x      0.0499
10000000      32       0.001825      0.001825      0.000000      2.429x      0.0759
10000000      64       0.002644      0.002644      0.000000      1.676x      0.0262
10000000      128      0.002217      0.002217      0.000000      1.999x      0.0156
10000000      256      0.003247      0.003247      0.000000      1.365x      0.0053
10000000      512      0.005939      0.005938      0.000000      0.746x      0.0015
10000000      1024     0.010718      0.010718      0.000000      0.414x      0.0004
10000000      2048     0.020740      0.020739      0.000000      0.214x      0.0001
10000000      4096     0.047028      0.047028      0.000000      0.094x      0.0000

50000000      1        0.020204      0.020204      0.000000      1.000x      1.0000
50000000      2        0.030306      0.030305      0.000000      0.667x      0.3333
50000000      4        0.011755      0.011755      0.000000      1.719x      0.4297
50000000      8        0.012516      0.012516      0.000000      1.614x      0.2018
50000000      16       0.008923      0.008923      0.000000      2.264x      0.1415
50000000      32       0.102238      0.102238      0.000000      0.198x      0.0062
50000000      64       0.006031      0.006031      0.000000      3.350x      0.0523
50000000      128      0.006251      0.006250      0.000000      3.232x      0.0253
50000000      256      0.008631      0.008630      0.000000      2.341x      0.0091
50000000      512      0.009808      0.009808      0.000000      2.060x      0.0040
50000000      1024     0.014311      0.014310      0.000000      1.412x      0.0014
50000000      2048     0.024164      0.024163      0.000000      0.836x      0.0004
50000000      4096     0.039348      0.039348      0.000000      0.513x      0.0001

100000000     1        0.044064      0.044063      0.000000      1.000x      1.0000
100000000     2        0.049831      0.049830      0.000000      0.884x      0.4421
100000000     4        0.120168      0.120168      0.000000      0.367x      0.0917
100000000     8        0.018158      0.018157      0.000000      2.427x      0.3033
100000000     16       0.017060      0.017060      0.000000      2.583x      0.1614
100000000     32       0.012196      0.012196      0.000000      3.613x      0.1129
100000000     64       0.012557      0.012557      0.000000      3.509x      0.0548
100000000     128      0.010641      0.010641      0.000000      4.141x      0.0324
100000000     256      0.010665      0.010664      0.000000      4.132x      0.0161
100000000     512      0.013714      0.013713      0.000000      3.213x      0.0063
100000000     1024     0.020857      0.020857      0.000000      2.113x      0.0021
100000000     2048     0.025837      0.025836      0.000000      1.705x      0.0008
100000000     4096     0.049362      0.049361      0.000000      0.893x      0.0002

500000000     1        0.238985      0.238985      0.000000      1.000x      1.0000
500000000     2        0.183428      0.183428      0.000000      1.303x      0.6514
500000000     4        0.122230      0.122230      0.000000      1.955x      0.4888
500000000     8        0.102009      0.102008      0.000000      2.343x      0.2928
500000000     16       0.068266      0.068265      0.000000      3.501x      0.2188
500000000     32       0.049614      0.049613      0.000000      4.817x      0.1505
500000000     64       0.043923      0.043923      0.000000      5.441x      0.0850
500000000     128      0.063068      0.063068      0.000000      3.789x      0.0296
500000000     256      0.053189      0.053188      0.000000      4.493x      0.0176
500000000     512      0.049368      0.049368      0.000000      4.841x      0.0095
500000000     1024     0.050411      0.050411      0.000000      4.741x      0.0046
500000000     2048     0.062094      0.062093      0.000000      3.849x      0.0019
500000000     4096     0.085222      0.085222      0.000000      2.804x      0.0007


